0.001753793932057657
0.007340938089113929
0.010684659857249505
0.00594651926640067
-0.004242616663016559
-0.006997638595382399
0.002026157681616598
0.008949616068073101
0.0008912997218693457
-0.010828116840199038
-0.005341942938835937
0.011629118328725558
0.011319672204048161
-0.010437864918854853
-0.018555074174112094
0.0062640990639975256
0.0265343829188268
0.002082360459837139
-0.034558207485434644
-0.016429660182211436
0.04186999401097676
0.04105973748393178
-0.0477311965610021
-0.09174975610860521
0.05152061664137529
0.31338828169865396
0.4471688410545182
0.31338828169865396
0.05152061664137529
-0.09174975610860521
-0.0477311965610021
0.04105973748393178
0.04186999401097676
-0.016429660182211436
-0.034558207485434644
0.002082360459837139
0.0265343829188268
0.0062640990639975256
-0.018555074174112094
-0.010437864918854853
0.011319672204048161
0.011629118328725558
-0.005341942938835937
-0.010828116840199038
0.0008912997218693457
0.008949616068073101
0.002026157681616598
-0.006997638595382399
-0.004242616663016559
0.00594651926640067
0.010684659857249505
0.007340938089113929
0.001753793932057657
